1.01122
0.63916
1.24533
0.571679
0.795373
0.636937
0.751642
0.97545
1.4054
0.581457
error_test

1.5052
0.27472
1.5052
1.68172
0.774791
1.1569
0.27472
0.578793
0.578793
0.27472
error_ann

2.78226
1.68387
2.29645
2.28033
1.72667
1.9
1.99333
3.857
4.14633
1.595
error_test_rlr

7.000000000000000000e+00
5.000000000000000000e+00
7.000000000000000000e+00
5.000000000000000000e+00
6.000000000000000000e+00
3.000000000000000000e+00
5.000000000000000000e+00
1.000000000000000000e+01
1.000000000000000000e+01
5.000000000000000000e+00
h

